voltage,cdl
-1.0,10.952083684401261
-0.99,11.010375944309205
-0.98,11.069587468881538
-0.97,11.129738242132705
-0.96,11.190855742082563
-0.95,11.252960785412826
-0.94,11.316083348145158
-0.93,11.38025007563215
-0.92,11.445489833672442
-0.91,11.51182954517438
-0.9,11.579304459719
-0.89,11.647939279768595
-0.88,11.71777064268298
-0.87,11.788839071602554
-0.86,11.86116815876659
-0.85,11.93480619887666
-0.84,12.009781502619889
-0.83,12.0861445851439
-0.82,12.163932361364262
-0.81,12.243186464644397
-0.8,12.323951859016804
-0.79,12.406283778076956
-0.78,12.490224687855546
-0.77,12.575828989280781
-0.76,12.66314941794633
-0.75,12.75224620345128
-0.74,12.84317568961413
-0.73,12.936005600039381
-0.72,13.030789502987973
-0.71,13.127606779406166
-0.7,13.226523765119682
-0.69,13.327615400182681
-0.68,13.430965228877769
-0.67,13.536649579037887
-0.66,13.644765317621934
-0.65,13.755394878689488
-0.64,13.86864151298184
-0.63,13.98460347523667
-0.62,14.10338873464312
-0.61,14.225117472843609
-0.6,14.349903765253915
-0.59,14.477878618190944
-0.58,14.60917692375219
-0.57,14.74393801492724
-0.56,14.882319543385593
-0.55,15.024480548575527
-0.54,15.170591172175564
-0.53,15.320835433652038
-0.52,15.475413173149379
-0.51,15.63452645125807
-0.5,15.798398422806061
-0.49,15.967270561301207
-0.48,16.141396552704638
-0.47,16.32104784654587
-0.46,16.506518374370675
-0.45,16.698124827296827
-0.44,16.89621415001952
-0.43,17.10114355679693
-0.42,17.31331994436758
-0.41,17.533173385375637
-0.4,17.761169618379927
-0.39,17.997818929638147
-0.38,18.243676430662607
-0.37,18.499352327783217
-0.36,18.765507064921753
-0.35,19.042873250496587
-0.34,19.332253020643012
-0.33,19.634536080337387
-0.32,19.950703727955602
-0.31,20.281845786174205
-0.3,20.62918225131938
-0.29,20.99407286904054
-0.28,21.378047387887737
-0.27,21.782829012773067
-0.26,22.21037256888714
-0.25,22.66289850227921
-0.24,23.14295352578988
-0.23,23.653455166749996
-0.22,24.197789744162538
-0.21,24.779896468096755
-0.2,25.4043887315536
-0.19,26.07671772958398
-0.18,26.80337202187744
-0.17,27.59214176584202
-0.16,28.45247315530486
-0.15,29.395945261301296
-0.14,30.43690285919887
-0.13,31.59334606428477
-0.12,32.88814769131233
-0.11,34.35072837287834
-0.1,36.01930996521841
-0.09,37.943810454743605
-0.08,40.189053751582556
-0.07,42.83699221729887
-0.06,45.983975099916925
-0.05,49.72307912631813
-0.04,54.090494895631124
-0.03,58.94394864564002
-0.02,63.765429672568715
-0.01,67.5256690580578
0.0,68.9828689566358
0.0,68.9828689566358
0.01,67.54123258075063
0.02,63.79556096933193
0.03,58.988634914214366
0.04,54.15229535621347
0.05,49.80767596973746
0.06,46.10054844811363
0.07,42.99904869664584
0.08,40.415917001990216
0.09,38.262891535745254
0.1,36.46930840650598
0.11,34.98595316231424
0.12,33.78410960708234
0.13,32.85349797765847
0.14,32.19989649916322
0.15,31.8415786793036
0.16,31.80278582148866
0.17,32.102051433779984
0.18,32.7345811568236
0.19,33.65218381734537
0.2,34.75092658078439
0.21,35.87971350582642
0.22,36.87441713084994
0.23,37.603404279273896
0.24,37.99930606285252
0.25,38.06206891332487
0.26,37.839042593690316
0.27,37.398471403049534
0.28,36.80891091928374
0.29,36.12826995902375
0.3,35.400503639593246
0.31,34.6565440234592
0.32,33.9168743090923
0.33,33.19427899217687
0.34,32.49619157097428
0.35,31.826465352047254
0.36,31.186642712732752
0.37,30.57682190776845
0.38,29.99625492439151
0.39,29.443698590370108
0.4,28.917667149741536
0.41,28.416584918478097
0.42,27.938877600330873
0.43,27.483013920193148
0.44,27.04754337168325
0.45,26.6311142582687
0.46,26.232467864595325
0.47,25.850434570706685
0.48,25.483951615612458
0.49,25.132029513041946
0.5,24.7937620434513
0.51,24.468321813131414
0.52,24.154940825305008
0.53,23.852906871901784
0.54,23.561573525565652
0.55,23.28033876786151
0.56,23.008654148615197
0.57,22.74599814056089
0.58,22.491893625353757
0.59,22.24589790156273
0.6,22.007603239782018
0.61,21.77661939661846
0.62,21.55258832514662
0.63,21.33518389735301
0.64,21.124089977231367
0.65,20.919007082120803
0.66,20.719670978941455
0.67,20.52581743461346
0.68,20.33720775118653
0.69,20.153615165607878
0.7,19.974825959945267
0.71,19.800636130717923
0.72,19.6308566624559
0.73,19.465311029698288
0.74,19.303827147876266
0.75,19.146239871314922
0.76,18.992405426132567
0.77,18.84217670777844
0.78,18.69541549348597
0.79,18.551998826055186
0.8,18.41179847472674
0.81,18.274693980302462
0.82,18.140582369596817
0.83,18.00935928164549
0.84,17.880911751255727
0.85,17.75516011992551
0.86,17.63200252469233
0.87,17.51135181304875
0.88,17.393134710275152
0.89,17.27726184341805
0.9,17.163657162200256
0.91,17.052257383909367
0.92,16.942987568491223
0.93,16.83577999234132
0.94,16.730569707412716
0.95,16.62729620655057
0.96,16.525910639941802
0.97,16.42634639420493
0.98,16.328554619526873
0.99,16.232483690536984
1.0,16.138080316530083
